0 0 0.22470978441127695 0.07232704402515723 0.087893864013267
0 0 0.36650082918739635 0.2232704402515723 0.08623548922056384
0 0 0.13432835820895522 0.09245283018867924 0.0779436152570481
0 0 0.5008291873963516 0.3069182389937107 0.0912106135986733
0 0 0.05555555555555556 0.1320754716981132 0.06965174129353234
0 0 0.1625207296849088 0.11698113207547169 0.0945273631840796
0 0 0.4900497512437811 0.38679245283018865 0.0713101160862355
0 0 0.18490878938640132 0.33773584905660375 0.0845771144278607
0 0 0.3648424543946932 0.4295597484276729 0.07960199004975124
0 0 0.2943615257048093 0.2528301886792453 0.0912106135986733
0 0 0.25538971807628524 0.10188679245283018 0.09286898839137646
0 0 0.43532338308457713 0.11383647798742137 0.087893864013267
0 0 0.2835820895522388 0.15849056603773584 0.0845771144278607
0 0 0.40630182421227196 0.4716981132075471 0.06633499170812604
0 0 0.11276948590381426 0.18050314465408804 0.09286898839137646
0 0 0.3275290215588723 0.2383647798742138 0.0779436152570481
0 0 0.12603648424543948 0.4314465408805031 0.08291873963515754
0 0 0.44859038142620233 0.44591194968553455 0.0845771144278607
0 0 0.15920398009950248 0.21194968553459118 0.07960199004975124
0 0 0.33416252072968494 0.4534591194968553 0.087893864013267
0 0 0.10364842454394693 0.269811320754717 0.08623548922056384
0 0 0.3781094527363184 0.25031446540880503 0.0746268656716418
0 0 0.3383084577114428 0.269811320754717 0.09618573797678276
0 0 0.3996683250414594 0.4062893081761006 0.08623548922056384
0 0 0.1824212271973466 0.2968553459119497 0.0779436152570481
0 0 0.0713101160862355 0.16855345911949685 0.09286898839137646
0 0 0.4311774461028193 0.3484276729559748 0.07960199004975124
0 0 0.33665008291873966 0.3018867924528302 0.08955223880597016
0 0 0.22470978441127695 0.2578616352201258 0.09286898839137646
0 0 0.31260364842454397 0.10062893081761005 0.09286898839137646
0 0 0.35572139303482586 0.08742138364779874 0.0779436152570481
0 0 0.087893864013267 0.3314465408805031 0.0912106135986733
0 0 0.4660033167495854 0.18364779874213835 0.10281923714759536
0 0 0.4154228855721393 0.2352201257861635 0.087893864013267
0 0 0.2835820895522388 0.2182389937106918 0.11774461028192372
0 0 0.3938640132669983 0.3484276729559748 0.08955223880597016
0 0 0.38391376451077946 0.3220125786163522 0.0812603648424544
0 0 0.373134328358209 0.37798742138364777 0.08291873963515754
0 0 0.42371475953565507 0.3132075471698113 0.06965174129353234
0 0 0.09286898839137646 0.47987421383647794 0.08291873963515754
0 0 0.11276948590381426 0.24528301886792453 0.087893864013267
0 0 0.21807628524046435 0.310062893081761 0.0845771144278607
0 0 0.5 0.11069182389937106 0.0945273631840796
0 0 0.13018242122719734 0.4981132075471698 0.06467661691542288
0 0 0.3996683250414594 0.1981132075471698 0.0746268656716418
0 0 0.16334991708126037 0.47987421383647794 0.087893864013267
0 0 0.05389718076285241 0.26855345911949685 0.0845771144278607
0 0 0.4859038142620232 0.2062893081761006 0.0812603648424544
0 0 0.15422885572139303 0.17547169811320754 0.087893864013267
0 0 0.4701492537313433 0.330188679245283 0.07960199004975124
0 0 0.5049751243781094 0.15534591194968553 0.0746268656716418
0 0 0.23963515754560533 0.45974842767295593 0.10945273631840796
0 0 0.17827529021558872 0.23710691823899369 0.0746268656716418
0 0 0.4527363184079602 0.2849056603773585 0.0746268656716418
0 0 0.4419568822553897 0.21383647798742136 0.09618573797678276
0 0 0.32338308457711445 0.37672955974842764 0.0978441127694859
0 0 0.12106135986733002 0.20880503144654086 0.08291873963515754
0 0 0.05306799336650083 0.09685534591194968 0.08291873963515754
0 0 0.3805970149253731 0.28679245283018867 0.07960199004975124
0 0 0.28606965174129356 0.39999999999999997 0.08955223880597016
0 0 0.13266998341625208 0.14528301886792452 0.07628524046434494
0 0 0.09535655058043117 0.11572327044025156 0.06633499170812604
0 0 0.33665008291873966 0.05157232704402515 0.06135986733001658
0 0 0.2985074626865672 0.4314465408805031 0.1011608623548922
0 0 0.4087893864013267 0.43270440251572323 0.07628524046434494
0 0 0.3805970149253731 0.44779874213836474 0.0746268656716418
0 0 0.39800995024875624 0.1440251572327044 0.08291873963515754
0 0 0.3208955223880597 0.17547169811320754 0.0713101160862355
0 0 0.1956882255389718 0.15723270440251572 0.0912106135986733
0 0 0.48507462686567165 0.46981132075471693 0.1044776119402985
0 0 0.21393034825870647 0.4345911949685534 0.1011608623548922
0 0 0.11276948590381426 0.3559748427672956 0.1011608623548922
0 0 0.19651741293532338 0.4981132075471698 0.0713101160862355
0 0 0.0845771144278607 0.4496855345911949 0.07960199004975124
0 0 0.2877280265339967 0.47106918238993706 0.0912106135986733
0 0 0.11442786069651742 0.061635220125786164 0.12106135986733002
0 0 0.32587064676616917 0.210062893081761 0.0845771144278607
0 0 0.417910447761194 0.16352201257861634 0.0845771144278607
0 0 0.26865671641791045 0.3635220125786163 0.087893864013267
0 0 0.0373134328358209 0.3993710691823899 0.06467661691542288
0 0 0.32587064676616917 0.14339622641509434 0.087893864013267
0 0 0.2985074626865672 0.29874213836477986 0.0912106135986733
0 0 0.06218905472636816 0.3031446540880503 0.0779436152570481
0 0 0.3673300165837479 0.11069182389937106 0.06799336650082918
0 0 0.4502487562189055 0.4880503144654088 0.08291873963515754
0 0 0.25787728026533996 0.3220125786163522 0.09286898839137646
0 0 0.2330016583747927 0.3880503144654088 0.0912106135986733
0 0 0.19651741293532338 0.37169811320754714 0.0945273631840796
0 0 0.32918739635157546 0.4081761006289308 0.0746268656716418
0 0 0.4527363184079602 0.4113207547169811 0.10613598673300166
0 0 0.15008291873963517 0.3861635220125786 0.08291873963515754
0 0 0.34991708126036486 0.340251572327044 0.0845771144278607
0 0 0.16500829187396351 0.4213836477987421 0.0912106135986733
0 0 0.4311774461028193 0.37672955974842764 0.0845771144278607
0 0 0.48507462686567165 0.2352201257861635 0.0779436152570481
0 0 0.15257048092868988 0.27547169811320754 0.09286898839137646
0 0 0.208955223880597 0.47421383647798737 0.07960199004975124
0 0 0.208955223880597 0.2251572327044025 0.08291873963515754
0 0 0.06882255389718077 0.2383647798742138 0.0779436152570481
0 0 0.29270315091210614 0.3383647798742138 0.08291873963515754
0 0 0.19402985074626866 0.26666666666666666 0.06135986733001658
0 0 0.0845771144278607 0.4062893081761006 0.0812603648424544
0 0 0.373134328358209 0.48930817610062893 0.09950248756218906
0 0 0.24461028192371476 0.4823899371069182 0.0845771144278607
0 0 0.17827529021558872 0.4484276729559748 0.08291873963515754
0 0 0.23963515754560533 0.2880503144654088 0.06965174129353234
0 0 0.15422885572139303 0.3484276729559748 0.08291873963515754
0 0 0.2595356550580431 0.17044025157232703 0.0845771144278607
0 0 0.06882255389718077 0.49748427672955975 0.08291873963515754
0 0 0.3673300165837479 0.14842767295597484 0.08291873963515754
0 0 0.0373134328358209 0.19874213836477986 0.07628524046434494
0 0 0.5033167495854063 0.4113207547169811 0.09618573797678276
0 0 0.08623548922056384 0.19559748427672954 0.06965174129353234
0 0 0.44859038142620233 0.14528301886792452 0.08955223880597016
0 0 0.0472636815920398 0.36163522012578614 0.087893864013267
0 0 0.19651741293532338 0.39685534591194965 0.07960199004975124
0 0 0.11442786069651742 0.3842767295597484 0.0779436152570481
0 0 0.47927031509121065 0.35786163522012576 0.07960199004975124
0 0 0.42371475953565507 0.26352201257861635 0.0779436152570481
0 0 0.24626865671641793 0.340251572327044 0.1011608623548922
0 0 0.5024875621890548 0.18993710691823898 0.05970149253731343
0 0 0.03150912106135987 0.46981132075471693 0.06467661691542288
0 0 0.029850746268656716 0.16163522012578616 0.06135986733001658
0 0 0.5008291873963516 0.26037735849056604 0.05804311774461028
0 0 0.2570480928689884 0.4163522012578616 0.08291873963515754
0 0 0.020729684908789386 0.2333333333333333 0.04311774461028192
0 0 0.2263681592039801 0.12515723270440252 0.06633499170812604
0 0 0.5049751243781094 0.4446540880503144 0.04477611940298508
0 0 0.2810945273631841 0.13144654088050314 0.0779436152570481
0 0 0.32338308457711445 0.4792452830188679 0.0746268656716418
0 0 0.020729684908789386 0.5056603773584906 0.04145936981757877
0 0 0.5024875621890548 0.3333333333333333 0.05306799336650083
0 0 0.2330016583747927 0.5056603773584906 0.06467661691542288
0 0 0.3142620232172471 0.5012578616352201 0.04311774461028192
0 0 0.029850746268656716 0.4163522012578616 0.05970149253731343
0 0 0.029850746268656716 0.10188679245283018 0.05306799336650083
0 0 0.12769485903814262 0.04339622641509434 0.09618573797678276
0 0 0.29519071310116085 0.18679245283018867 0.06633499170812604
0 0 0.25538971807628524 0.13333333333333333 0.0746268656716418
0 0 0.029850746268656716 0.3169811320754717 0.04975124378109453
0 0 0.014096185737976783 0.29371069182389936 0.029850746268656716
