0 0.21475953565505804 0.8354591836734693 0.0845771144278607 0.07142857142857142
0 0.6882255389718076 0.8348214285714285 0.08291873963515754 0.05994897959183673
0 0.4046434494195688 0.11224489795918366 0.09618573797678276 0.06632653061224489
0 0.8441127694859039 0.39795918367346933 0.09618573797678276 0.0510204081632653
0 0.23217247097844113 0.14795918367346939 0.08291873963515754 0.08418367346938775
0 0.896351575456053 0.6371173469387754 0.0779436152570481 0.06249999999999999
0 0.9651741293532339 0.586734693877551 0.06965174129353234 0.04336734693877551
0 0.08291873963515754 0.23724489795918366 0.07628524046434494 0.061224489795918366
0 0.22139303482587067 0.25956632653061223 0.087893864013267 0.07780612244897958
0 0.1351575456053068 0.6371173469387754 0.0812603648424544 0.06505102040816325
0 0.7321724709784412 0.6122448979591836 0.0845771144278607 0.061224489795918366
0 0.3283582089552239 0.649234693877551 0.08291873963515754 0.07397959183673469
0 0.9618573797678276 0.822704081632653 0.06301824212271974 0.038265306122448974
0 0.06799336650082918 0.5121173469387754 0.07960199004975124 0.057397959183673464
0 0.7081260364842454 0.19323979591836732 0.07960199004975124 0.06249999999999999
0 0.25787728026533996 0.5184948979591837 0.0812603648424544 0.06505102040816325
0 0.9485903814262023 0.18622448979591835 0.08955223880597016 0.08163265306122448
0 0.543117744610282 0.4738520408163265 0.0912106135986733 0.08035714285714285
0 0.6243781094527363 0.885204081632653 0.087893864013267 0.05357142857142857
0 0.26865671641791045 0.32334183673469385 0.08955223880597016 0.07015306122448979
0 0.5281923714759535 0.2844387755102041 0.087893864013267 0.07397959183673469
0 0.6044776119402985 0.2474489795918367 0.0912106135986733 0.08163265306122448
0 0.9444444444444444 0.7627551020408163 0.0812603648424544 0.061224489795918366
0 0.4933665008291874 0.7028061224489796 0.1044776119402985 0.07397959183673469
0 0.824212271973466 0.7321428571428571 0.08291873963515754 0.07397959183673469
0 0.6069651741293532 0.38584183673469385 0.08623548922056384 0.07270408163265306
0 0.08706467661691543 0.5733418367346939 0.0912106135986733 0.07780612244897958
0 0.1865671641791045 0.46874999999999994 0.06135986733001658 0.07780612244897958
0 0.9295190713101161 0.44706632653061223 0.0845771144278607 0.08035714285714285
0 0.8631840796019901 0.8749999999999999 0.0845771144278607 0.06887755102040816
0 0.7189054726368159 0.4738520408163265 0.0845771144278607 0.06760204081632652
0 0.3781094527363184 0.423469387755102 0.08955223880597016 0.07397959183673469
0 0.47512437810945274 0.6128826530612245 0.087893864013267 0.06505102040816325
0 0.631011608623549 0.5880102040816326 0.0845771144278607 0.07908163265306122
0 0.16832504145936983 0.5223214285714285 0.0779436152570481 0.057397959183673464
0 0.5737976782752903 0.1683673469387755 0.08291873963515754 0.05612244897959183
0 0.7545605306799337 0.7857142857142857 0.10945273631840796 0.07142857142857142
0 0.5406301824212272 0.7735969387755102 0.08955223880597016 0.07270408163265306
0 0.15754560530679934 0.20535714285714285 0.06633499170812604 0.06377551020408163
0 0.2827529021558872 0.39477040816326525 0.0713101160862355 0.07780612244897958
0 0.554726368159204 0.5618622448979591 0.0779436152570481 0.06760204081632652
0 0.5082918739635157 0.41454081632653056 0.11774461028192372 0.0586734693877551
0 0.6575456053067994 0.6498724489795917 0.0912106135986733 0.07780612244897958
0 0.2802653399668325 0.19834183673469385 0.09286898839137646 0.07780612244897958
0 0.06716417910447761 0.15816326530612243 0.0779436152570481 0.06377551020408163
0 0.28192371475953565 0.9362244897959183 0.08623548922056384 0.061224489795918366
0 0.09867330016583749 0.3029336734693877 0.06135986733001658 0.057397959183673464
0 0.4071310116086236 0.4866071428571428 0.0812603648424544 0.05994897959183673
0 0.7189054726368159 0.5491071428571428 0.0845771144278607 0.07015306122448979
0 0.7844112769485904 0.9362244897959183 0.07628524046434494 0.061224489795918366
0 0.9660033167495854 0.2863520408163265 0.0779436152570481 0.07015306122448979
0 0.867330016583748 0.5478316326530612 0.08291873963515754 0.0548469387755102
0 0.6459369817578773 0.06951530612244898 0.06135986733001658 0.07015306122448979
0 0.3217247097844113 0.8801020408163265 0.09618573797678276 0.07142857142857142
0 0.34991708126036486 0.28507653061224486 0.09286898839137646 0.06760204081632652
0 0.7487562189054726 0.6696428571428571 0.0912106135986733 0.05357142857142857
0 0.32338308457711445 0.5676020408163265 0.08291873963515754 0.06632653061224489
0 0.543117744610282 0.8360969387755102 0.0845771144278607 0.07015306122448979
0 0.6990049751243781 0.9598214285714285 0.0779436152570481 0.06760204081632652
0 0.6724709784411277 0.1364795918367347 0.0812603648424544 0.08163265306122448
0 0.9203980099502488 0.9190051020408162 0.07628524046434494 0.05994897959183673
0 0.5563847429519071 0.6460459183673469 0.0912106135986733 0.06760204081632652
0 0.8159203980099503 0.6014030612244897 0.08291873963515754 0.06760204081632652
0 0.345771144278607 0.711734693877551 0.0912106135986733 0.07142857142857142
0 0.1890547263681592 0.329719387755102 0.09618573797678276 0.07015306122448979
0 0.13930348258706468 0.9368622448979591 0.07628524046434494 0.06505102040816325
0 0.324212271973466 0.4534438775510204 0.06467661691542288 0.05994897959183673
0 0.46683250414593697 0.1607142857142857 0.087893864013267 0.09183673469387754
0 0.17495854063018243 0.6862244897959183 0.0845771144278607 0.06632653061224489
0 0.34991708126036486 0.7684948979591836 0.07628524046434494 0.057397959183673464
0 0.20149253731343283 0.39732142857142855 0.0845771144278607 0.06249999999999999
0 0.37893864013267 0.8373724489795917 0.087893864013267 0.06760204081632652
0 0.2562189054726368 0.7499999999999999 0.087893864013267 0.07397959183673469
0 0.20149253731343283 0.0707908163265306 0.0912106135986733 0.07015306122448979
0 0.752072968490879 0.2544642857142857 0.087893864013267 0.08035714285714285
0 0.10281923714759536 0.4496173469387755 0.08623548922056384 0.08035714285714285
0 0.4253731343283582 0.8985969387755102 0.0746268656716418 0.05994897959183673
0 0.8325041459369817 0.6639030612244897 0.08291873963515754 0.07270408163265306
0 0.13266998341625208 0.8820153061224489 0.07960199004975124 0.08035714285714285
0 0.6177446102819237 0.4585459183673469 0.0746268656716418 0.07780612244897958
0 0.8797678275290216 0.33482142857142855 0.087893864013267 0.0548469387755102
0 0.8524046434494196 0.7882653061224489 0.08623548922056384 0.07142857142857142
0 0.05638474295190713 0.6964285714285714 0.06633499170812604 0.061224489795918366
0 0.703150912106136 0.7353316326530611 0.08955223880597016 0.07015306122448979
0 0.7686567164179104 0.36160714285714285 0.087893864013267 0.07525510204081633
0 0.45439469320066334 0.5529336734693877 0.08291873963515754 0.07015306122448979
0 0.7844112769485904 0.8494897959183673 0.08291873963515754 0.07142857142857142
0 0.806799336650083 0.4987244897959183 0.0845771144278607 0.06377551020408163
0 0.2827529021558872 0.8105867346938774 0.0779436152570481 0.06760204081632652
0 0.26865671641791045 0.6728316326530611 0.08623548922056384 0.06760204081632652
0 0.6218905472636816 0.798469387755102 0.08955223880597016 0.0586734693877551
0 0.13598673300165837 0.8010204081632653 0.06633499170812604 0.05357142857142857
0 0.6061359867330016 0.3176020408163265 0.0779436152570481 0.07397959183673469
0 0.6401326699834162 0.5210459183673469 0.09950248756218906 0.06760204081632652
0 0.7860696517412935 0.3099489795918367 0.07960199004975124 0.06377551020408163
0 0.0505804311774461 0.7735969387755102 0.087893864013267 0.06760204081632652
0 0.538971807628524 0.9132653061224489 0.07628524046434494 0.0586734693877551
0 0.46849087893864017 0.8067602040816326 0.0746268656716418 0.05994897959183673
0 0.6907131011608624 0.41262755102040816 0.087893864013267 0.07525510204081633
0 0.9444444444444444 0.3826530612244898 0.0713101160862355 0.04846938775510204
0 0.45107794361525705 0.947704081632653 0.06633499170812604 0.07653061224489795
0 0.1890547263681592 0.7442602040816326 0.07960199004975124 0.057397959183673464
0 0.37645107794361526 0.9317602040816326 0.08291873963515754 0.05994897959183673
0 0.47761194029850745 0.3176020408163265 0.08291873963515754 0.061224489795918366
0 0.42454394693200664 0.760204081632653 0.08955223880597016 0.07397959183673469
0 0.9734660033167496 0.4987244897959183 0.06633499170812604 0.05612244897959183
0 0.44029850746268656 0.6524234693877551 0.087893864013267 0.06760204081632652
0 0.7993366500829188 0.44706632653061223 0.06965174129353234 0.08035714285714285
0 0.1451077943615257 0.10012755102040816 0.0746268656716418 0.049744897959183666
0 0.8258706467661692 0.19515306122448978 0.08623548922056384 0.0510204081632653
0 0.4013266998341625 0.5892857142857142 0.07960199004975124 0.06377551020408163
0 0.9137645107794362 0.6945153061224489 0.06965174129353234 0.049744897959183666
0 0.23548922056384744 0.978954081632653 0.07296849087893864 0.03443877551020408
0 0.3441127694859038 0.5191326530612245 0.0713101160862355 0.0586734693877551
0 0.026533996683250415 0.2978316326530612 0.05638474295190713 0.052295918367346934
0 0.03233830845771144 0.35905612244897955 0.06799336650082918 0.05994897959183673
0 0.7255389718076285 0.8883928571428571 0.0713101160862355 0.06249999999999999
0 0.6028192371475953 0.7244897959183673 0.087893864013267 0.07653061224489795
0 0.6898839137645107 0.2729591836734694 0.08623548922056384 0.0510204081632653
0 0.02902155887230514 0.9221938775510203 0.06135986733001658 0.05357142857142857
0 0.13681592039800997 0.367984693877551 0.0713101160862355 0.057397959183673464
0 0.023217247097844115 0.43686224489795916 0.04643449419568823 0.06760204081632652
0 0.8606965174129353 0.9623724489795917 0.07960199004975124 0.047193877551020405
0 0.9842454394693201 0.8756377551020408 0.04477611940298508 0.06760204081632652
0 0.8416252072968491 0.27232142857142855 0.06467661691542288 0.049744897959183666
0 0.5232172470978441 0.2353316326530612 0.0779436152570481 0.04464285714285714
0 0.9800995024875622 0.3488520408163265 0.05306799336650083 0.07525510204081633
0 0.42205638474295193 0.22066326530612243 0.0713101160862355 0.061224489795918366
0 0.3548922056384743 0.9827806122448979 0.08291873963515754 0.042091836734693876
0 0.10033167495854063 0.9878826530612244 0.03150912106135987 0.036989795918367346
0 0.02570480928689884 0.815688775510204 0.04809286898839138 0.04464285714285714
0 0.9842454394693201 0.642219387755102 0.04477611940298508 0.042091836734693876
0 0.6111111111111112 0.9489795918367346 0.087893864013267 0.0586734693877551
0 0.9643449419568823 0.5720663265306122 0.0912106135986733 0.1415816326530612
0 0.560530679933665 0.3558673469387755 0.07296849087893864 0.05357142857142857
0 0.015754560530679935 0.5612244897959183 0.03150912106135987 0.061224489795918366
0 0.03482587064676617 0.180484693877551 0.04975124378109453 0.05994897959183673
0 0.12686567164179105 0.7889030612244897 0.0912106135986733 0.17729591836734693
0 0.4734660033167496 0.2391581632653061 0.0746268656716418 0.057397959183673464
0 0.019071310116086235 0.9917091836734693 0.03482587064676617 0.02423469387755102
0 0.3109452736318408 0.04272959183673469 0.0845771144278607 0.06505102040816325
0 0.806799336650083 0.06505102040816325 0.0845771144278607 0.06632653061224489
